mean :  9.00008e-06 +/- 7.57851e-07
widt1 :  0.00217464 +/- 1.95932e-06
widt2 :  0.00634832 +/- 5.51945e-06
gfrac1 : 0.378739 +/- 0.000602498
